,team,season,squad,age,foreigners,market_value,total_market_value
0,Granada CF,2018,22,25.7,8,3190000,70100000
1,Levante UD,2018,27,25.7,6,2320000,62700000
2,Deportivo Alavés,2018,25,26.3,9,1440000,36050000
3,Sporting Gijón,2018,19,25.8,4,1380000,26200000
4,SD Eibar,2018,18,28.8,3,1280000,23100000
5,Real Zaragoza,2018,27,26.1,8,839000,22650000
6,SD Huesca,2018,19,26.7,5,1170000,22200000
7,CD Leganés,2018,22,26.8,8,952000,20950000
8,UD Las Palmas,2018,27,26.4,7,741000,20000000
9,Real Oviedo,2018,18,26.5,3,917000,16500000
10,Málaga CF,2018,22,26.6,3,655000,14400000
11,CD Tenerife,2018,23,27.4,5,535000,12300000
12,SD Ponferradina,2018,20,27.8,6,575000,11500000
13,Villarreal CF B,2018,24,22.0,7,429000,10300000
14,UD Ibiza,2018,24,27.0,4,417000,10000000
15,FC Cartagena,2018,17,28.6,1,500000,8500000
16,Racing Santander,2018,19,25.6,2,353000,6700000
17,Burgos CF,2018,17,28.5,2,394000,6700000
18,CD Mirandés,2018,9,22.6,0,722000,6500000
19,FC Andorra,2018,23,26.3,3,280000,6450000
20,Albacete Balompié,2018,21,25.0,6,262000,5500000
21,CD Lugo,2018,17,26.7,4,306000,5200000
22,Granada CF,2019,22,25.7,8,3190000,70100000
23,Levante UD,2019,27,25.7,6,2320000,62700000
24,Deportivo Alavés,2019,25,26.3,9,1440000,36050000
25,Sporting Gijón,2019,19,25.8,4,1380000,26200000
26,SD Eibar,2019,18,28.8,3,1280000,23100000
27,Real Zaragoza,2019,27,26.1,8,839000,22650000
28,SD Huesca,2019,19,26.7,5,1170000,22200000
29,CD Leganés,2019,22,26.8,8,952000,20950000
30,UD Las Palmas,2019,27,26.4,7,741000,20000000
31,Real Oviedo,2019,18,26.5,3,917000,16500000
32,Málaga CF,2019,22,26.6,3,655000,14400000
33,CD Tenerife,2019,23,27.4,5,535000,12300000
34,SD Ponferradina,2019,20,27.8,6,575000,11500000
35,Villarreal CF B,2019,24,22.0,7,429000,10300000
36,UD Ibiza,2019,24,27.0,4,417000,10000000
37,FC Cartagena,2019,17,28.6,1,500000,8500000
38,Racing Santander,2019,19,25.6,2,353000,6700000
39,Burgos CF,2019,17,28.5,2,394000,6700000
40,CD Mirandés,2019,9,22.6,0,722000,6500000
41,FC Andorra,2019,23,26.3,3,280000,6450000
42,Albacete Balompié,2019,21,25.0,6,262000,5500000
43,CD Lugo,2019,17,26.7,4,306000,5200000
44,Granada CF,2020,22,25.7,8,3190000,70100000
45,Levante UD,2020,27,25.7,6,2320000,62700000
46,Deportivo Alavés,2020,25,26.3,9,1440000,36050000
47,Sporting Gijón,2020,19,25.8,4,1380000,26200000
48,SD Eibar,2020,18,28.8,3,1280000,23100000
49,Real Zaragoza,2020,27,26.1,8,839000,22650000
50,SD Huesca,2020,19,26.7,5,1170000,22200000
51,CD Leganés,2020,22,26.8,8,952000,20950000
52,UD Las Palmas,2020,27,26.4,7,741000,20000000
53,Real Oviedo,2020,18,26.5,3,917000,16500000
54,Málaga CF,2020,22,26.6,3,655000,14400000
55,CD Tenerife,2020,23,27.4,5,535000,12300000
56,SD Ponferradina,2020,20,27.8,6,575000,11500000
57,Villarreal CF B,2020,24,22.0,7,429000,10300000
58,UD Ibiza,2020,24,27.0,4,417000,10000000
59,FC Cartagena,2020,17,28.6,1,500000,8500000
60,Racing Santander,2020,19,25.6,2,353000,6700000
61,Burgos CF,2020,17,28.5,2,394000,6700000
62,CD Mirandés,2020,9,22.6,0,722000,6500000
63,FC Andorra,2020,23,26.3,3,280000,6450000
64,Albacete Balompié,2020,21,25.0,6,262000,5500000
65,CD Lugo,2020,17,26.7,4,306000,5200000
66,Granada CF,2021,22,25.7,8,3190000,70100000
67,Levante UD,2021,27,25.7,6,2320000,62700000
68,Deportivo Alavés,2021,25,26.3,9,1440000,36050000
69,Sporting Gijón,2021,19,25.8,4,1380000,26200000
70,SD Eibar,2021,18,28.8,3,1280000,23100000
71,Real Zaragoza,2021,27,26.1,8,839000,22650000
72,SD Huesca,2021,19,26.7,5,1170000,22200000
73,CD Leganés,2021,22,26.8,8,952000,20950000
74,UD Las Palmas,2021,27,26.4,7,741000,20000000
75,Real Oviedo,2021,18,26.5,3,917000,16500000
76,Málaga CF,2021,22,26.6,3,655000,14400000
77,CD Tenerife,2021,23,27.4,5,535000,12300000
78,SD Ponferradina,2021,20,27.8,6,575000,11500000
79,Villarreal CF B,2021,24,22.0,7,429000,10300000
80,UD Ibiza,2021,24,27.0,4,417000,10000000
81,FC Cartagena,2021,17,28.6,1,500000,8500000
82,Racing Santander,2021,19,25.6,2,353000,6700000
83,Burgos CF,2021,17,28.5,2,394000,6700000
84,CD Mirandés,2021,9,22.6,0,722000,6500000
85,FC Andorra,2021,23,26.3,3,280000,6450000
86,Albacete Balompié,2021,21,25.0,6,262000,5500000
87,CD Lugo,2021,17,26.7,4,306000,5200000
